File............:  it-co-soec-7-120ma - MAY,12.2015

System..........:  
Control.........:  
Temperature.....:  -0.1+-0.4C
Time............:  MAY,12.2015
Comment.........:  10:14:22 - 14:01:12
                   
                   
                   
                   
Electr.area/sqcm:  
                    
polarization data

Lines:   1361
Columns: 3

Number     Time/s     Potential/V    Current/A 
1              0.0     1.3452e+00    1.2000e-01
2             10.0     1.3514e+00    1.2000e-01
3             20.0     1.3518e+00    1.2000e-01
4             30.0     1.3518e+00    1.2000e-01
5             40.0     1.3514e+00    1.2000e-01
6             50.0     1.3490e+00    1.2000e-01
7             60.0     1.3500e+00    1.2000e-01
8             70.0     1.3504e+00    1.2000e-01
9             80.0     1.3516e+00    1.2000e-01
10            90.0     1.3499e+00    1.2000e-01
11           100.0     1.3489e+00    1.2000e-01
12           110.0     1.3508e+00    1.2000e-01
13           120.0     1.3494e+00    1.2000e-01
14           130.0     1.3496e+00    1.2000e-01
15           140.0     1.3500e+00    1.2000e-01
16           150.0     1.3511e+00    1.2000e-01
17           160.0     1.3495e+00    1.2000e-01
18           170.0     1.3515e+00    1.2000e-01
19           180.0     1.3515e+00    1.2000e-01
20           190.0     1.3521e+00    1.2000e-01
21           200.0     1.3513e+00    1.2000e-01
22           210.0     1.3520e+00    1.2000e-01
23           220.0     1.3522e+00    1.2000e-01
24           230.0     1.3520e+00    1.2000e-01
25           240.0     1.3509e+00    1.2000e-01
26           250.0     1.3522e+00    1.2000e-01
27           260.0     1.3517e+00    1.2000e-01
28           270.0     1.3518e+00    1.2000e-01
29           280.0     1.3522e+00    1.2000e-01
30           290.0     1.3507e+00    1.2000e-01
31           300.0     1.3525e+00    1.2000e-01
32           310.0     1.3523e+00    1.2000e-01
33           320.0     1.3500e+00    1.2000e-01
34           330.0     1.3502e+00    1.2000e-01
35           340.0     1.3502e+00    1.2000e-01
36           350.0     1.3499e+00    1.2000e-01
37           360.0     1.3515e+00    1.2000e-01
38           370.0     1.3530e+00    1.2000e-01
39           380.0     1.3517e+00    1.2000e-01
40           390.0     1.3503e+00    1.2000e-01
41           400.0     1.3523e+00    1.2000e-01
42           410.0     1.3525e+00    1.2000e-01
43           420.0     1.3520e+00    1.2000e-01
44           430.0     1.3523e+00    1.2000e-01
45           440.0     1.3514e+00    1.2000e-01
46           450.0     1.3514e+00    1.2000e-01
47           460.0     1.3518e+00    1.2000e-01
48           470.0     1.3520e+00    1.2000e-01
49           480.0     1.3516e+00    1.2000e-01
50           490.0     1.3518e+00    1.2000e-01
51           500.0     1.3525e+00    1.2000e-01
52           510.0     1.3525e+00    1.2000e-01
53           520.0     1.3524e+00    1.2000e-01
54           530.0     1.3521e+00    1.2000e-01
55           540.0     1.3533e+00    1.2000e-01
56           550.0     1.3516e+00    1.2000e-01
57           560.0     1.3517e+00    1.2000e-01
58           570.0     1.3512e+00    1.2000e-01
59           580.0     1.3513e+00    1.2000e-01
60           590.0     1.3501e+00    1.2000e-01
61           600.0     1.3503e+00    1.2000e-01
62           610.0     1.3497e+00    1.2000e-01
63           620.0     1.3496e+00    1.2000e-01
64           630.0     1.3508e+00    1.2000e-01
65           640.0     1.3512e+00    1.2000e-01
66           650.0     1.3513e+00    1.2000e-01
67           660.0     1.3513e+00    1.2000e-01
68           670.0     1.3511e+00    1.2000e-01
69           680.0     1.3517e+00    1.2000e-01
70           690.0     1.3509e+00    1.2000e-01
71           700.0     1.3505e+00    1.2000e-01
72           710.0     1.3523e+00    1.2000e-01
73           720.0     1.3521e+00    1.2000e-01
74           730.0     1.3511e+00    1.2000e-01
75           740.0     1.3519e+00    1.2000e-01
76           750.0     1.3519e+00    1.2000e-01
77           760.0     1.3521e+00    1.2000e-01
78           770.0     1.3515e+00    1.2000e-01
79           780.0     1.3509e+00    1.2000e-01
80           790.0     1.3508e+00    1.2000e-01
81           800.0     1.3511e+00    1.2000e-01
82           810.0     1.3511e+00    1.2000e-01
83           820.0     1.3512e+00    1.2000e-01
84           830.0     1.3501e+00    1.2000e-01
85           840.0     1.3510e+00    1.2000e-01
86           850.0     1.3512e+00    1.2000e-01
87           860.0     1.3512e+00    1.2000e-01
88           870.0     1.3498e+00    1.2000e-01
89           880.0     1.3516e+00    1.2000e-01
90           890.0     1.3517e+00    1.2000e-01
91           900.0     1.3508e+00    1.2000e-01
92           910.0     1.3521e+00    1.2000e-01
93           920.0     1.3527e+00    1.2000e-01
94           930.0     1.3519e+00    1.2000e-01
95           940.0     1.3521e+00    1.2000e-01
96           950.0     1.3516e+00    1.2000e-01
97           960.0     1.3521e+00    1.2000e-01
98           970.0     1.3517e+00    1.2000e-01
99           980.0     1.3527e+00    1.2000e-01
100          990.0     1.3524e+00    1.2000e-01
101         1000.0     1.3523e+00    1.2000e-01
102         1010.0     1.3520e+00    1.2000e-01
103         1020.0     1.3521e+00    1.2000e-01
104         1030.0     1.3527e+00    1.2000e-01
105         1040.0     1.3526e+00    1.2000e-01
106         1050.0     1.3516e+00    1.2000e-01
107         1060.0     1.3528e+00    1.2000e-01
108         1070.0     1.3518e+00    1.2000e-01
109         1080.0     1.3522e+00    1.2000e-01
110         1090.0     1.3518e+00    1.2000e-01
111         1100.0     1.3521e+00    1.2000e-01
112         1110.0     1.3526e+00    1.2000e-01
113         1120.0     1.3530e+00    1.2000e-01
114         1130.0     1.3519e+00    1.2000e-01
115         1140.0     1.3526e+00    1.2000e-01
116         1150.0     1.3528e+00    1.2000e-01
117         1160.0     1.3523e+00    1.2000e-01
118         1170.0     1.3526e+00    1.2000e-01
119         1180.0     1.3528e+00    1.2000e-01
120         1190.0     1.3516e+00    1.2000e-01
121         1200.0     1.3524e+00    1.2000e-01
122         1210.0     1.3514e+00    1.2000e-01
123         1220.0     1.3517e+00    1.2000e-01
124         1230.0     1.3531e+00    1.2000e-01
125         1240.0     1.3525e+00    1.2000e-01
126         1250.0     1.3518e+00    1.2000e-01
127         1260.0     1.3513e+00    1.2000e-01
128         1270.0     1.3514e+00    1.2000e-01
129         1280.0     1.3522e+00    1.2000e-01
130         1290.0     1.3515e+00    1.2000e-01
131         1300.0     1.3528e+00    1.2000e-01
132         1310.0     1.3505e+00    1.2000e-01
133         1320.0     1.3514e+00    1.2000e-01
134         1330.0     1.3527e+00    1.2000e-01
135         1340.0     1.3518e+00    1.2000e-01
136         1350.0     1.3522e+00    1.2000e-01
137         1360.0     1.3498e+00    1.2000e-01
138         1370.0     1.3513e+00    1.2000e-01
139         1380.0     1.3520e+00    1.2000e-01
140         1390.0     1.3523e+00    1.2000e-01
141         1400.0     1.3513e+00    1.2000e-01
142         1410.0     1.3527e+00    1.2000e-01
143         1420.0     1.3526e+00    1.2000e-01
144         1430.0     1.3527e+00    1.2000e-01
145         1440.0     1.3533e+00    1.2000e-01
146         1450.0     1.3532e+00    1.2000e-01
147         1460.0     1.3526e+00    1.2000e-01
148         1470.0     1.3520e+00    1.2000e-01
149         1480.0     1.3523e+00    1.2000e-01
150         1490.0     1.3521e+00    1.2000e-01
151         1500.0     1.3520e+00    1.2000e-01
152         1510.0     1.3518e+00    1.2000e-01
153         1520.0     1.3524e+00    1.2000e-01
154         1530.0     1.3532e+00    1.2000e-01
155         1540.0     1.3519e+00    1.2000e-01
156         1550.0     1.3527e+00    1.2000e-01
157         1560.0     1.3523e+00    1.2000e-01
158         1570.0     1.3534e+00    1.2000e-01
159         1580.0     1.3527e+00    1.2000e-01
160         1590.0     1.3517e+00    1.2000e-01
161         1600.0     1.3511e+00    1.2000e-01
162         1610.0     1.3512e+00    1.2000e-01
163         1620.0     1.3519e+00    1.2000e-01
164         1630.0     1.3505e+00    1.2000e-01
165         1640.0     1.3522e+00    1.2000e-01
166         1650.0     1.3520e+00    1.2000e-01
167         1660.0     1.3519e+00    1.2000e-01
168         1670.0     1.3528e+00    1.2000e-01
169         1680.0     1.3507e+00    1.2000e-01
170         1690.0     1.3514e+00    1.2000e-01
171         1700.0     1.3518e+00    1.2000e-01
172         1710.0     1.3522e+00    1.2000e-01
173         1720.0     1.3517e+00    1.2000e-01
174         1730.0     1.3527e+00    1.2000e-01
175         1740.0     1.3527e+00    1.2000e-01
176         1750.0     1.3527e+00    1.2000e-01
177         1760.0     1.3533e+00    1.2000e-01
178         1770.0     1.3528e+00    1.2000e-01
179         1780.0     1.3523e+00    1.2000e-01
180         1790.0     1.3526e+00    1.2000e-01
181         1800.0     1.3527e+00    1.2000e-01
182         1810.0     1.3524e+00    1.2000e-01
183         1820.0     1.3528e+00    1.2000e-01
184         1830.0     1.3524e+00    1.2000e-01
185         1840.0     1.3544e+00    1.2000e-01
186         1850.0     1.3536e+00    1.2000e-01
187         1860.0     1.3525e+00    1.2000e-01
188         1870.0     1.3531e+00    1.2000e-01
189         1880.0     1.3533e+00    1.2000e-01
190         1890.0     1.3525e+00    1.2000e-01
191         1900.0     1.3532e+00    1.2000e-01
192         1910.0     1.3530e+00    1.2000e-01
193         1920.0     1.3538e+00    1.2000e-01
194         1930.0     1.3530e+00    1.2000e-01
195         1940.0     1.3536e+00    1.2000e-01
196         1950.0     1.3530e+00    1.2000e-01
197         1960.0     1.3520e+00    1.2000e-01
198         1970.0     1.3532e+00    1.2000e-01
199         1980.0     1.3534e+00    1.2000e-01
200         1990.0     1.3522e+00    1.2000e-01
201         2000.0     1.3531e+00    1.2000e-01
202         2010.0     1.3535e+00    1.2000e-01
203         2020.0     1.3541e+00    1.2000e-01
204         2030.0     1.3531e+00    1.2000e-01
205         2040.0     1.3536e+00    1.2000e-01
206         2050.0     1.3530e+00    1.2000e-01
207         2060.0     1.3531e+00    1.2000e-01
208         2070.0     1.3533e+00    1.2000e-01
209         2080.0     1.3527e+00    1.2000e-01
210         2090.0     1.3526e+00    1.2000e-01
211         2100.0     1.3533e+00    1.2000e-01
212         2110.0     1.3527e+00    1.2000e-01
213         2120.0     1.3535e+00    1.2000e-01
214         2130.0     1.3523e+00    1.2000e-01
215         2140.0     1.3524e+00    1.2000e-01
216         2150.0     1.3533e+00    1.2000e-01
217         2160.0     1.3539e+00    1.2000e-01
218         2170.0     1.3527e+00    1.2000e-01
219         2180.0     1.3529e+00    1.2000e-01
220         2190.0     1.3531e+00    1.2000e-01
221         2200.0     1.3528e+00    1.2000e-01
222         2210.0     1.3526e+00    1.2000e-01
223         2220.0     1.3529e+00    1.2000e-01
224         2230.0     1.3534e+00    1.2000e-01
225         2240.0     1.3521e+00    1.2000e-01
226         2250.0     1.3526e+00    1.2000e-01
227         2260.0     1.3521e+00    1.2000e-01
228         2270.0     1.3538e+00    1.2000e-01
229         2280.0     1.3532e+00    1.2000e-01
230         2290.0     1.3530e+00    1.2000e-01
231         2300.0     1.3529e+00    1.2000e-01
232         2310.0     1.3522e+00    1.2000e-01
233         2320.0     1.3528e+00    1.2000e-01
234         2330.0     1.3531e+00    1.2000e-01
235         2340.0     1.3538e+00    1.2000e-01
236         2350.0     1.3526e+00    1.2000e-01
237         2360.0     1.3518e+00    1.2000e-01
238         2370.0     1.3517e+00    1.2000e-01
239         2380.0     1.3522e+00    1.2000e-01
240         2390.0     1.3530e+00    1.2000e-01
241         2400.0     1.3514e+00    1.2000e-01
242         2410.0     1.3514e+00    1.2000e-01
243         2420.0     1.3518e+00    1.2000e-01
244         2430.0     1.3526e+00    1.2000e-01
245         2440.0     1.3527e+00    1.2000e-01
246         2450.0     1.3520e+00    1.2000e-01
247         2460.0     1.3518e+00    1.2000e-01
248         2470.0     1.3516e+00    1.2000e-01
249         2480.0     1.3525e+00    1.2000e-01
250         2490.0     1.3518e+00    1.2000e-01
251         2500.0     1.3510e+00    1.2000e-01
252         2510.0     1.3517e+00    1.2000e-01
253         2520.0     1.3511e+00    1.2000e-01
254         2530.0     1.3520e+00    1.2000e-01
255         2540.0     1.3522e+00    1.2000e-01
256         2550.0     1.3543e+00    1.2000e-01
257         2560.0     1.3520e+00    1.2000e-01
258         2570.0     1.3527e+00    1.2000e-01
259         2580.0     1.3523e+00    1.2000e-01
260         2590.0     1.3536e+00    1.2000e-01
261         2600.0     1.3541e+00    1.2000e-01
262         2610.0     1.3538e+00    1.2000e-01
263         2620.0     1.3536e+00    1.2000e-01
264         2630.0     1.3529e+00    1.2000e-01
265         2640.0     1.3544e+00    1.2000e-01
266         2650.0     1.3535e+00    1.2000e-01
267         2660.0     1.3528e+00    1.2000e-01
268         2670.0     1.3533e+00    1.2000e-01
269         2680.0     1.3534e+00    1.2000e-01
270         2690.0     1.3545e+00    1.2000e-01
271         2700.0     1.3532e+00    1.2000e-01
272         2710.0     1.3539e+00    1.2000e-01
273         2720.0     1.3524e+00    1.2000e-01
274         2730.0     1.3535e+00    1.2000e-01
275         2740.0     1.3532e+00    1.2000e-01
276         2750.0     1.3531e+00    1.2000e-01
277         2760.0     1.3534e+00    1.2000e-01
278         2770.0     1.3527e+00    1.2000e-01
279         2780.0     1.3522e+00    1.2000e-01
280         2790.0     1.3524e+00    1.2000e-01
281         2800.0     1.3535e+00    1.2000e-01
282         2810.0     1.3536e+00    1.2000e-01
283         2820.0     1.3534e+00    1.2000e-01
284         2830.0     1.3527e+00    1.2000e-01
285         2840.0     1.3532e+00    1.2000e-01
286         2850.0     1.3527e+00    1.2000e-01
287         2860.0     1.3529e+00    1.2000e-01
288         2870.0     1.3543e+00    1.2000e-01
289         2880.0     1.3525e+00    1.2000e-01
290         2890.0     1.3528e+00    1.2000e-01
291         2900.0     1.3532e+00    1.2000e-01
292         2910.0     1.3526e+00    1.2000e-01
293         2920.0     1.3534e+00    1.2000e-01
294         2930.0     1.3529e+00    1.2000e-01
295         2940.0     1.3526e+00    1.2000e-01
296         2950.0     1.3522e+00    1.2000e-01
297         2960.0     1.3533e+00    1.2000e-01
298         2970.0     1.3544e+00    1.2000e-01
299         2980.0     1.3530e+00    1.2000e-01
300         2990.0     1.3526e+00    1.2000e-01
301         3000.0     1.3538e+00    1.2000e-01
302         3010.0     1.3539e+00    1.2000e-01
303         3020.0     1.3532e+00    1.2000e-01
304         3030.0     1.3544e+00    1.2000e-01
305         3040.0     1.3533e+00    1.2000e-01
306         3050.0     1.3525e+00    1.2000e-01
307         3060.0     1.3526e+00    1.2000e-01
308         3070.0     1.3534e+00    1.2000e-01
309         3080.0     1.3527e+00    1.2000e-01
310         3090.0     1.3534e+00    1.2000e-01
311         3100.0     1.3537e+00    1.2000e-01
312         3110.0     1.3536e+00    1.2000e-01
313         3120.0     1.3535e+00    1.2000e-01
314         3130.0     1.3555e+00    1.2000e-01
315         3140.0     1.3544e+00    1.2000e-01
316         3150.0     1.3551e+00    1.2000e-01
317         3160.0     1.3545e+00    1.2000e-01
318         3170.0     1.3556e+00    1.2000e-01
319         3180.0     1.3556e+00    1.2000e-01
320         3190.0     1.3567e+00    1.2000e-01
321         3200.0     1.3556e+00    1.2000e-01
322         3210.0     1.3548e+00    1.2000e-01
323         3220.0     1.3545e+00    1.2000e-01
324         3230.0     1.3560e+00    1.2000e-01
325         3240.0     1.3562e+00    1.2000e-01
326         3250.0     1.3559e+00    1.2000e-01
327         3260.0     1.3541e+00    1.2000e-01
328         3270.0     1.3543e+00    1.2000e-01
329         3280.0     1.3549e+00    1.2000e-01
330         3290.0     1.3544e+00    1.2000e-01
331         3300.0     1.3552e+00    1.2000e-01
332         3310.0     1.3541e+00    1.2000e-01
333         3320.0     1.3537e+00    1.2000e-01
334         3330.0     1.3556e+00    1.2000e-01
335         3340.0     1.3540e+00    1.2000e-01
336         3350.0     1.3544e+00    1.2000e-01
337         3360.0     1.3540e+00    1.2000e-01
338         3370.0     1.3527e+00    1.2000e-01
339         3380.0     1.3541e+00    1.2000e-01
340         3390.0     1.3534e+00    1.2000e-01
341         3400.0     1.3539e+00    1.2000e-01
342         3410.0     1.3547e+00    1.2000e-01
343         3420.0     1.3536e+00    1.2000e-01
344         3430.0     1.3557e+00    1.2000e-01
345         3440.0     1.3548e+00    1.2000e-01
346         3450.0     1.3546e+00    1.2000e-01
347         3460.0     1.3546e+00    1.2000e-01
348         3470.0     1.3545e+00    1.2000e-01
349         3480.0     1.3534e+00    1.2000e-01
350         3490.0     1.3543e+00    1.2000e-01
351         3500.0     1.3518e+00    1.2000e-01
352         3510.0     1.3519e+00    1.2000e-01
353         3520.0     1.3523e+00    1.2000e-01
354         3530.0     1.3522e+00    1.2000e-01
355         3540.0     1.3534e+00    1.2000e-01
356         3550.0     1.3536e+00    1.2000e-01
357         3560.0     1.3521e+00    1.2000e-01
358         3570.0     1.3525e+00    1.2000e-01
359         3580.0     1.3525e+00    1.2000e-01
360         3590.0     1.3522e+00    1.2000e-01
361         3600.0     1.3534e+00    1.2000e-01
362         3610.0     1.3532e+00    1.2000e-01
363         3620.0     1.3529e+00    1.2000e-01
364         3630.0     1.3526e+00    1.2000e-01
365         3640.0     1.3537e+00    1.2000e-01
366         3650.0     1.3540e+00    1.2000e-01
367         3660.0     1.3536e+00    1.2000e-01
368         3670.0     1.3535e+00    1.2000e-01
369         3680.0     1.3539e+00    1.2000e-01
370         3690.0     1.3542e+00    1.2000e-01
371         3700.0     1.3541e+00    1.2000e-01
372         3710.0     1.3544e+00    1.2000e-01
373         3720.0     1.3545e+00    1.2000e-01
374         3730.0     1.3546e+00    1.2000e-01
375         3740.0     1.3543e+00    1.2000e-01
376         3750.0     1.3540e+00    1.2000e-01
377         3760.0     1.3540e+00    1.2000e-01
378         3770.0     1.3548e+00    1.2000e-01
379         3780.0     1.3535e+00    1.2000e-01
380         3790.0     1.3536e+00    1.2000e-01
381         3800.0     1.3527e+00    1.2000e-01
382         3810.0     1.3535e+00    1.2000e-01
383         3820.0     1.3518e+00    1.2000e-01
384         3830.0     1.3528e+00    1.2000e-01
385         3840.0     1.3518e+00    1.2000e-01
386         3850.0     1.3522e+00    1.2000e-01
387         3860.0     1.3513e+00    1.2000e-01
388         3870.0     1.3515e+00    1.2000e-01
389         3880.0     1.3499e+00    1.2000e-01
390         3890.0     1.3502e+00    1.2000e-01
391         3900.0     1.3490e+00    1.2000e-01
392         3910.0     1.3498e+00    1.2000e-01
393         3920.0     1.3472e+00    1.2000e-01
394         3930.0     1.3456e+00    1.2000e-01
395         3940.0     1.3467e+00    1.2000e-01
396         3950.0     1.3460e+00    1.2000e-01
397         3960.0     1.3469e+00    1.2000e-01
398         3970.0     1.3458e+00    1.2000e-01
399         3980.0     1.3475e+00    1.2000e-01
400         3990.0     1.3466e+00    1.2000e-01
401         4000.0     1.3459e+00    1.2000e-01
402         4010.0     1.3461e+00    1.2000e-01
403         4020.0     1.3476e+00    1.2000e-01
404         4030.0     1.3471e+00    1.2000e-01
405         4040.0     1.3489e+00    1.2000e-01
406         4050.0     1.3472e+00    1.2000e-01
407         4060.0     1.3479e+00    1.2000e-01
408         4070.0     1.3485e+00    1.2000e-01
409         4080.0     1.3489e+00    1.2000e-01
410         4090.0     1.3495e+00    1.2000e-01
411         4100.0     1.3499e+00    1.2000e-01
412         4110.0     1.3497e+00    1.2000e-01
413         4120.0     1.3508e+00    1.2000e-01
414         4130.0     1.3503e+00    1.2000e-01
415         4140.0     1.3514e+00    1.2000e-01
416         4150.0     1.3493e+00    1.2000e-01
417         4160.0     1.3515e+00    1.2000e-01
418         4170.0     1.3502e+00    1.2000e-01
419         4180.0     1.3515e+00    1.2000e-01
420         4190.0     1.3514e+00    1.2000e-01
421         4200.0     1.3522e+00    1.2000e-01
422         4210.0     1.3523e+00    1.2000e-01
423         4220.0     1.3516e+00    1.2000e-01
424         4230.0     1.3519e+00    1.2000e-01
425         4240.0     1.3521e+00    1.2000e-01
426         4250.0     1.3517e+00    1.2000e-01
427         4260.0     1.3509e+00    1.2000e-01
428         4270.0     1.3514e+00    1.2000e-01
429         4280.0     1.3512e+00    1.2000e-01
430         4290.0     1.3504e+00    1.2000e-01
431         4300.0     1.3504e+00    1.2000e-01
432         4310.0     1.3479e+00    1.2000e-01
433         4320.0     1.3497e+00    1.2000e-01
434         4330.0     1.3510e+00    1.2000e-01
435         4340.0     1.3504e+00    1.2000e-01
436         4350.0     1.3483e+00    1.2000e-01
437         4360.0     1.3502e+00    1.2000e-01
438         4370.0     1.3505e+00    1.2000e-01
439         4380.0     1.3514e+00    1.2000e-01
440         4390.0     1.3497e+00    1.2000e-01
441         4400.0     1.3502e+00    1.2000e-01
442         4410.0     1.3515e+00    1.2000e-01
443         4420.0     1.3508e+00    1.2000e-01
444         4430.0     1.3520e+00    1.2000e-01
445         4440.0     1.3492e+00    1.2000e-01
446         4450.0     1.3501e+00    1.2000e-01
447         4460.0     1.3496e+00    1.2000e-01
448         4470.0     1.3496e+00    1.2000e-01
449         4480.0     1.3502e+00    1.2000e-01
450         4490.0     1.3497e+00    1.2000e-01
451         4500.0     1.3492e+00    1.2000e-01
452         4510.0     1.3506e+00    1.2000e-01
453         4520.0     1.3503e+00    1.2000e-01
454         4530.0     1.3497e+00    1.2000e-01
455         4540.0     1.3494e+00    1.2000e-01
456         4550.0     1.3504e+00    1.2000e-01
457         4560.0     1.3501e+00    1.2000e-01
458         4570.0     1.3517e+00    1.2000e-01
459         4580.0     1.3496e+00    1.2000e-01
460         4590.0     1.3500e+00    1.2000e-01
461         4600.0     1.3483e+00    1.2000e-01
462         4610.0     1.3498e+00    1.2000e-01
463         4620.0     1.3508e+00    1.2000e-01
464         4630.0     1.3499e+00    1.2000e-01
465         4640.0     1.3511e+00    1.2000e-01
466         4650.0     1.3500e+00    1.2000e-01
467         4660.0     1.3499e+00    1.2000e-01
468         4670.0     1.3499e+00    1.2000e-01
469         4680.0     1.3515e+00    1.2000e-01
470         4690.0     1.3507e+00    1.2000e-01
471         4700.0     1.3506e+00    1.2000e-01
472         4710.0     1.3497e+00    1.2000e-01
473         4720.0     1.3494e+00    1.2000e-01
474         4730.0     1.3502e+00    1.2000e-01
475         4740.0     1.3508e+00    1.2000e-01
476         4750.0     1.3493e+00    1.2000e-01
477         4760.0     1.3497e+00    1.2000e-01
478         4770.0     1.3500e+00    1.2000e-01
479         4780.0     1.3499e+00    1.2000e-01
480         4790.0     1.3497e+00    1.2000e-01
481         4800.0     1.3507e+00    1.2000e-01
482         4810.0     1.3501e+00    1.2000e-01
483         4820.0     1.3498e+00    1.2000e-01
484         4830.0     1.3499e+00    1.2000e-01
485         4840.0     1.3501e+00    1.2000e-01
486         4850.0     1.3509e+00    1.2000e-01
487         4860.0     1.3502e+00    1.2000e-01
488         4870.0     1.3506e+00    1.2000e-01
489         4880.0     1.3510e+00    1.2000e-01
490         4890.0     1.3509e+00    1.2000e-01
491         4900.0     1.3503e+00    1.2000e-01
492         4910.0     1.3503e+00    1.2000e-01
493         4920.0     1.3504e+00    1.2000e-01
494         4930.0     1.3485e+00    1.2000e-01
495         4940.0     1.3510e+00    1.2000e-01
496         4950.0     1.3509e+00    1.2000e-01
497         4960.0     1.3499e+00    1.2000e-01
498         4970.0     1.3491e+00    1.2000e-01
499         4980.0     1.3506e+00    1.2000e-01
500         4990.0     1.3499e+00    1.2000e-01
501         5000.0     1.3502e+00    1.2000e-01
502         5010.0     1.3501e+00    1.2000e-01
503         5020.0     1.3514e+00    1.2000e-01
504         5030.0     1.3501e+00    1.2000e-01
505         5040.0     1.3516e+00    1.2000e-01
506         5050.0     1.3511e+00    1.2000e-01
507         5060.0     1.3513e+00    1.2000e-01
508         5070.0     1.3523e+00    1.2000e-01
509         5080.0     1.3518e+00    1.2000e-01
510         5090.0     1.3515e+00    1.2000e-01
511         5100.0     1.3536e+00    1.2000e-01
512         5110.0     1.3520e+00    1.2000e-01
513         5120.0     1.3510e+00    1.2000e-01
514         5130.0     1.3537e+00    1.2000e-01
515         5140.0     1.3515e+00    1.2000e-01
516         5150.0     1.3503e+00    1.2000e-01
517         5160.0     1.3536e+00    1.2000e-01
518         5170.0     1.3506e+00    1.2000e-01
519         5180.0     1.3518e+00    1.2000e-01
520         5190.0     1.3512e+00    1.2000e-01
521         5200.0     1.3497e+00    1.2000e-01
522         5210.0     1.3504e+00    1.2000e-01
523         5220.0     1.3511e+00    1.2000e-01
524         5230.0     1.3511e+00    1.2000e-01
525         5240.0     1.3521e+00    1.2000e-01
526         5250.0     1.3507e+00    1.2000e-01
527         5260.0     1.3511e+00    1.2000e-01
528         5270.0     1.3529e+00    1.2000e-01
529         5280.0     1.3534e+00    1.2000e-01
530         5290.0     1.3501e+00    1.2000e-01
531         5300.0     1.3510e+00    1.2000e-01
532         5310.0     1.3508e+00    1.2000e-01
533         5320.0     1.3496e+00    1.2000e-01
534         5330.0     1.3505e+00    1.2000e-01
535         5340.0     1.3478e+00    1.2000e-01
536         5350.0     1.3494e+00    1.2000e-01
537         5360.0     1.3506e+00    1.2000e-01
538         5370.0     1.3475e+00    1.2000e-01
539         5380.0     1.3491e+00    1.2000e-01
540         5390.0     1.3489e+00    1.2000e-01
541         5400.0     1.3499e+00    1.2000e-01
542         5410.0     1.3499e+00    1.2000e-01
543         5420.0     1.3507e+00    1.2000e-01
544         5430.0     1.3500e+00    1.2000e-01
545         5440.0     1.3500e+00    1.2000e-01
546         5450.0     1.3507e+00    1.2000e-01
547         5460.0     1.3507e+00    1.2000e-01
548         5470.0     1.3495e+00    1.2000e-01
549         5480.0     1.3513e+00    1.2000e-01
550         5490.0     1.3509e+00    1.2000e-01
551         5500.0     1.3506e+00    1.2000e-01
552         5510.0     1.3508e+00    1.2000e-01
553         5520.0     1.3514e+00    1.2000e-01
554         5530.0     1.3519e+00    1.2000e-01
555         5540.0     1.3507e+00    1.2000e-01
556         5550.0     1.3505e+00    1.2000e-01
557         5560.0     1.3497e+00    1.2000e-01
558         5570.0     1.3504e+00    1.2000e-01
559         5580.0     1.3502e+00    1.2000e-01
560         5590.0     1.3506e+00    1.2000e-01
561         5600.0     1.3501e+00    1.2000e-01
562         5610.0     1.3506e+00    1.2000e-01
563         5620.0     1.3514e+00    1.2000e-01
564         5630.0     1.3513e+00    1.2000e-01
565         5640.0     1.3507e+00    1.2000e-01
566         5650.0     1.3520e+00    1.2000e-01
567         5660.0     1.3516e+00    1.2000e-01
568         5670.0     1.3518e+00    1.2000e-01
569         5680.0     1.3509e+00    1.2000e-01
570         5690.0     1.3507e+00    1.2000e-01
571         5700.0     1.3510e+00    1.2000e-01
572         5710.0     1.3529e+00    1.2000e-01
573         5720.0     1.3513e+00    1.2000e-01
574         5730.0     1.3508e+00    1.2000e-01
575         5740.0     1.3516e+00    1.2000e-01
576         5750.0     1.3508e+00    1.2000e-01
577         5760.0     1.3509e+00    1.2000e-01
578         5770.0     1.3500e+00    1.2000e-01
579         5780.0     1.3504e+00    1.2000e-01
580         5790.0     1.3509e+00    1.2000e-01
581         5800.0     1.3528e+00    1.2000e-01
582         5810.0     1.3510e+00    1.2000e-01
583         5820.0     1.3509e+00    1.2000e-01
584         5830.0     1.3522e+00    1.2000e-01
585         5840.0     1.3524e+00    1.2000e-01
586         5850.0     1.3514e+00    1.2000e-01
587         5860.0     1.3514e+00    1.2000e-01
588         5870.0     1.3500e+00    1.2000e-01
589         5880.0     1.3513e+00    1.2000e-01
590         5890.0     1.3518e+00    1.2000e-01
591         5900.0     1.3516e+00    1.2000e-01
592         5910.0     1.3513e+00    1.2000e-01
593         5920.0     1.3514e+00    1.2000e-01
594         5930.0     1.3519e+00    1.2000e-01
595         5940.0     1.3504e+00    1.2000e-01
596         5950.0     1.3509e+00    1.2000e-01
597         5960.0     1.3509e+00    1.2000e-01
598         5970.0     1.3512e+00    1.2000e-01
599         5980.0     1.3514e+00    1.2000e-01
600         5990.0     1.3511e+00    1.2000e-01
601         6000.0     1.3502e+00    1.2000e-01
602         6010.0     1.3514e+00    1.2000e-01
603         6020.0     1.3508e+00    1.2000e-01
604         6030.0     1.3511e+00    1.2000e-01
605         6040.0     1.3523e+00    1.2000e-01
606         6050.0     1.3507e+00    1.2000e-01
607         6060.0     1.3518e+00    1.2000e-01
608         6070.0     1.3531e+00    1.2000e-01
609         6080.0     1.3511e+00    1.2000e-01
610         6090.0     1.3509e+00    1.2000e-01
611         6100.0     1.3512e+00    1.2000e-01
612         6110.0     1.3514e+00    1.2000e-01
613         6120.0     1.3509e+00    1.2000e-01
614         6130.0     1.3509e+00    1.2000e-01
615         6140.0     1.3514e+00    1.2000e-01
616         6150.0     1.3517e+00    1.2000e-01
617         6160.0     1.3533e+00    1.2000e-01
618         6170.0     1.3529e+00    1.2000e-01
619         6180.0     1.3526e+00    1.2000e-01
620         6190.0     1.3532e+00    1.2000e-01
621         6200.0     1.3531e+00    1.2000e-01
622         6210.0     1.3532e+00    1.2000e-01
623         6220.0     1.3529e+00    1.2000e-01
624         6230.0     1.3531e+00    1.2000e-01
625         6240.0     1.3541e+00    1.2000e-01
626         6250.0     1.3536e+00    1.2000e-01
627         6260.0     1.3538e+00    1.2000e-01
628         6270.0     1.3539e+00    1.2000e-01
629         6280.0     1.3544e+00    1.2000e-01
630         6290.0     1.3546e+00    1.2000e-01
631         6300.0     1.3547e+00    1.2000e-01
632         6310.0     1.3552e+00    1.2000e-01
633         6320.0     1.3546e+00    1.2000e-01
634         6330.0     1.3553e+00    1.2000e-01
635         6340.0     1.3548e+00    1.2000e-01
636         6350.0     1.3556e+00    1.2000e-01
637         6360.0     1.3554e+00    1.2000e-01
638         6370.0     1.3541e+00    1.2000e-01
639         6380.0     1.3550e+00    1.2000e-01
640         6390.0     1.3542e+00    1.2000e-01
641         6400.0     1.3539e+00    1.2000e-01
642         6410.0     1.3539e+00    1.2000e-01
643         6420.0     1.3533e+00    1.2000e-01
644         6430.0     1.3545e+00    1.2000e-01
645         6440.0     1.3531e+00    1.2000e-01
646         6450.0     1.3534e+00    1.2000e-01
647         6460.0     1.3541e+00    1.2000e-01
648         6470.0     1.3543e+00    1.2000e-01
649         6480.0     1.3544e+00    1.2000e-01
650         6490.0     1.3542e+00    1.2000e-01
651         6500.0     1.3539e+00    1.2000e-01
652         6510.0     1.3526e+00    1.2000e-01
653         6520.0     1.3539e+00    1.2000e-01
654         6530.0     1.3548e+00    1.2000e-01
655         6540.0     1.3552e+00    1.2000e-01
656         6550.0     1.3544e+00    1.2000e-01
657         6560.0     1.3540e+00    1.2000e-01
658         6570.0     1.3547e+00    1.2000e-01
659         6580.0     1.3536e+00    1.2000e-01
660         6590.0     1.3540e+00    1.2000e-01
661         6600.0     1.3533e+00    1.2000e-01
662         6610.0     1.3534e+00    1.2000e-01
663         6620.0     1.3544e+00    1.2000e-01
664         6630.0     1.3546e+00    1.2000e-01
665         6640.0     1.3552e+00    1.2000e-01
666         6650.0     1.3537e+00    1.2000e-01
667         6660.0     1.3539e+00    1.2000e-01
668         6670.0     1.3535e+00    1.2000e-01
669         6680.0     1.3538e+00    1.2000e-01
670         6690.0     1.3544e+00    1.2000e-01
671         6700.0     1.3540e+00    1.2000e-01
672         6710.0     1.3548e+00    1.2000e-01
673         6720.0     1.3543e+00    1.2000e-01
674         6730.0     1.3542e+00    1.2000e-01
675         6740.0     1.3540e+00    1.2000e-01
676         6750.0     1.3544e+00    1.2000e-01
677         6760.0     1.3547e+00    1.2000e-01
678         6770.0     1.3526e+00    1.2000e-01
679         6780.0     1.3539e+00    1.2000e-01
680         6790.0     1.3531e+00    1.2000e-01
681         6800.0     1.3546e+00    1.2000e-01
682         6810.0     1.3539e+00    1.2000e-01
683         6820.0     1.3542e+00    1.2000e-01
684         6830.0     1.3548e+00    1.2000e-01
685         6840.0     1.3536e+00    1.2000e-01
686         6850.0     1.3538e+00    1.2000e-01
687         6860.0     1.3544e+00    1.2000e-01
688         6870.0     1.3545e+00    1.2000e-01
689         6880.0     1.3560e+00    1.2000e-01
690         6890.0     1.3547e+00    1.2000e-01
691         6900.0     1.3546e+00    1.2000e-01
692         6910.0     1.3544e+00    1.2000e-01
693         6920.0     1.3544e+00    1.2000e-01
694         6930.0     1.3549e+00    1.2000e-01
695         6940.0     1.3567e+00    1.2000e-01
696         6950.0     1.3557e+00    1.2000e-01
697         6960.0     1.3548e+00    1.2000e-01
698         6970.0     1.3555e+00    1.2000e-01
699         6980.0     1.3538e+00    1.2000e-01
700         6990.0     1.3553e+00    1.2000e-01
701         7000.0     1.3558e+00    1.2000e-01
702         7010.0     1.3550e+00    1.2000e-01
703         7020.0     1.3548e+00    1.2000e-01
704         7030.0     1.3546e+00    1.2000e-01
705         7040.0     1.3559e+00    1.2000e-01
706         7050.0     1.3558e+00    1.2000e-01
707         7060.0     1.3558e+00    1.2000e-01
708         7070.0     1.3559e+00    1.2000e-01
709         7080.0     1.3561e+00    1.2000e-01
710         7090.0     1.3558e+00    1.2000e-01
711         7100.0     1.3560e+00    1.2000e-01
712         7110.0     1.3552e+00    1.2000e-01
713         7120.0     1.3552e+00    1.2000e-01
714         7130.0     1.3549e+00    1.2000e-01
715         7140.0     1.3557e+00    1.2000e-01
716         7150.0     1.3558e+00    1.2000e-01
717         7160.0     1.3556e+00    1.2000e-01
718         7170.0     1.3554e+00    1.2000e-01
719         7180.0     1.3556e+00    1.2000e-01
720         7190.0     1.3550e+00    1.2000e-01
721         7200.0     1.3547e+00    1.2000e-01
722         7210.0     1.3554e+00    1.2000e-01
723         7220.0     1.3552e+00    1.2000e-01
724         7230.0     1.3543e+00    1.2000e-01
725         7240.0     1.3538e+00    1.2000e-01
726         7250.0     1.3543e+00    1.2000e-01
727         7260.0     1.3560e+00    1.2000e-01
728         7270.0     1.3536e+00    1.2000e-01
729         7280.0     1.3529e+00    1.2000e-01
730         7290.0     1.3532e+00    1.2000e-01
731         7300.0     1.3539e+00    1.2000e-01
732         7310.0     1.3543e+00    1.2000e-01
733         7320.0     1.3540e+00    1.2000e-01
734         7330.0     1.3549e+00    1.2000e-01
735         7340.0     1.3538e+00    1.2000e-01
736         7350.0     1.3528e+00    1.2000e-01
737         7360.0     1.3539e+00    1.2000e-01
738         7370.0     1.3541e+00    1.2000e-01
739         7380.0     1.3544e+00    1.2000e-01
740         7390.0     1.3536e+00    1.2000e-01
741         7400.0     1.3535e+00    1.2000e-01
742         7410.0     1.3532e+00    1.2000e-01
743         7420.0     1.3535e+00    1.2000e-01
744         7430.0     1.3543e+00    1.2000e-01
745         7440.0     1.3539e+00    1.2000e-01
746         7450.0     1.3543e+00    1.2000e-01
747         7460.0     1.3539e+00    1.2000e-01
748         7470.0     1.3541e+00    1.2000e-01
749         7480.0     1.3532e+00    1.2000e-01
750         7490.0     1.3533e+00    1.2000e-01
751         7500.0     1.3527e+00    1.2000e-01
752         7510.0     1.3536e+00    1.2000e-01
753         7520.0     1.3521e+00    1.2000e-01
754         7530.0     1.3526e+00    1.2000e-01
755         7540.0     1.3527e+00    1.2000e-01
756         7550.0     1.3534e+00    1.2000e-01
757         7560.0     1.3536e+00    1.2000e-01
758         7570.0     1.3530e+00    1.2000e-01
759         7580.0     1.3538e+00    1.2000e-01
760         7590.0     1.3527e+00    1.2000e-01
761         7600.0     1.3523e+00    1.2000e-01
762         7610.0     1.3527e+00    1.2000e-01
763         7620.0     1.3523e+00    1.2000e-01
764         7630.0     1.3529e+00    1.2000e-01
765         7640.0     1.3536e+00    1.2000e-01
766         7650.0     1.3531e+00    1.2000e-01
767         7660.0     1.3535e+00    1.2000e-01
768         7670.0     1.3538e+00    1.2000e-01
769         7680.0     1.3529e+00    1.2000e-01
770         7690.0     1.3539e+00    1.2000e-01
771         7700.0     1.3532e+00    1.2000e-01
772         7710.0     1.3543e+00    1.2000e-01
773         7720.0     1.3539e+00    1.2000e-01
774         7730.0     1.3553e+00    1.2000e-01
775         7740.0     1.3531e+00    1.2000e-01
776         7750.0     1.3532e+00    1.2000e-01
777         7760.0     1.3541e+00    1.2000e-01
778         7770.0     1.3533e+00    1.2000e-01
779         7780.0     1.3534e+00    1.2000e-01
780         7790.0     1.3539e+00    1.2000e-01
781         7800.0     1.3542e+00    1.2000e-01
782         7810.0     1.3531e+00    1.2000e-01
783         7820.0     1.3542e+00    1.2000e-01
784         7830.0     1.3534e+00    1.2000e-01
785         7840.0     1.3538e+00    1.2000e-01
786         7850.0     1.3541e+00    1.2000e-01
787         7860.0     1.3545e+00    1.2000e-01
788         7870.0     1.3537e+00    1.2000e-01
789         7880.0     1.3532e+00    1.2000e-01
790         7890.0     1.3533e+00    1.2000e-01
791         7900.0     1.3533e+00    1.2000e-01
792         7910.0     1.3530e+00    1.2000e-01
793         7920.0     1.3532e+00    1.2000e-01
794         7930.0     1.3527e+00    1.2000e-01
795         7940.0     1.3532e+00    1.2000e-01
796         7950.0     1.3532e+00    1.2000e-01
797         7960.0     1.3533e+00    1.2000e-01
798         7970.0     1.3530e+00    1.2000e-01
799         7980.0     1.3542e+00    1.2000e-01
800         7990.0     1.3528e+00    1.2000e-01
801         8000.0     1.3533e+00    1.2000e-01
802         8010.0     1.3526e+00    1.2000e-01
803         8020.0     1.3531e+00    1.2000e-01
804         8030.0     1.3533e+00    1.2000e-01
805         8040.0     1.3531e+00    1.2000e-01
806         8050.0     1.3532e+00    1.2000e-01
807         8060.0     1.3530e+00    1.2000e-01
808         8070.0     1.3531e+00    1.2000e-01
809         8080.0     1.3517e+00    1.2000e-01
810         8090.0     1.3515e+00    1.2000e-01
811         8100.0     1.3524e+00    1.2000e-01
812         8110.0     1.3523e+00    1.2000e-01
813         8120.0     1.3521e+00    1.2000e-01
814         8130.0     1.3519e+00    1.2000e-01
815         8140.0     1.3514e+00    1.2000e-01
816         8150.0     1.3518e+00    1.2000e-01
817         8160.0     1.3518e+00    1.2000e-01
818         8170.0     1.3517e+00    1.2000e-01
819         8180.0     1.3514e+00    1.2000e-01
820         8190.0     1.3519e+00    1.2000e-01
821         8200.0     1.3523e+00    1.2000e-01
822         8210.0     1.3511e+00    1.2000e-01
823         8220.0     1.3512e+00    1.2000e-01
824         8230.0     1.3521e+00    1.2000e-01
825         8240.0     1.3507e+00    1.2000e-01
826         8250.0     1.3522e+00    1.2000e-01
827         8260.0     1.3524e+00    1.2000e-01
828         8270.0     1.3529e+00    1.2000e-01
829         8280.0     1.3520e+00    1.2000e-01
830         8290.0     1.3520e+00    1.2000e-01
831         8300.0     1.3527e+00    1.2000e-01
832         8310.0     1.3527e+00    1.2000e-01
833         8320.0     1.3526e+00    1.2000e-01
834         8330.0     1.3528e+00    1.2000e-01
835         8340.0     1.3538e+00    1.2000e-01
836         8350.0     1.3528e+00    1.2000e-01
837         8360.0     1.3529e+00    1.2000e-01
838         8370.0     1.3537e+00    1.2000e-01
839         8380.0     1.3534e+00    1.2000e-01
840         8390.0     1.3525e+00    1.2000e-01
841         8400.0     1.3536e+00    1.2000e-01
842         8410.0     1.3535e+00    1.2000e-01
843         8420.0     1.3538e+00    1.2000e-01
844         8430.0     1.3541e+00    1.2000e-01
845         8440.0     1.3539e+00    1.2000e-01
846         8450.0     1.3543e+00    1.2000e-01
847         8460.0     1.3538e+00    1.2000e-01
848         8470.0     1.3529e+00    1.2000e-01
849         8480.0     1.3537e+00    1.2000e-01
850         8490.0     1.3525e+00    1.2000e-01
851         8500.0     1.3527e+00    1.2000e-01
852         8510.0     1.3513e+00    1.2000e-01
853         8520.0     1.3511e+00    1.2000e-01
854         8530.0     1.3514e+00    1.2000e-01
855         8540.0     1.3514e+00    1.2000e-01
856         8550.0     1.3509e+00    1.2000e-01
857         8560.0     1.3501e+00    1.2000e-01
858         8570.0     1.3485e+00    1.2000e-01
859         8580.0     1.3494e+00    1.2000e-01
860         8590.0     1.3495e+00    1.2000e-01
861         8600.0     1.3503e+00    1.2000e-01
862         8610.0     1.3501e+00    1.2000e-01
863         8620.0     1.3501e+00    1.2000e-01
864         8630.0     1.3487e+00    1.2000e-01
865         8640.0     1.3495e+00    1.2000e-01
866         8650.0     1.3499e+00    1.2000e-01
867         8660.0     1.3502e+00    1.2000e-01
868         8670.0     1.3498e+00    1.2000e-01
869         8680.0     1.3509e+00    1.2000e-01
870         8690.0     1.3497e+00    1.2000e-01
871         8700.0     1.3503e+00    1.2000e-01
872         8710.0     1.3508e+00    1.2000e-01
873         8720.0     1.3510e+00    1.2000e-01
874         8730.0     1.3500e+00    1.2000e-01
875         8740.0     1.3504e+00    1.2000e-01
876         8750.0     1.3505e+00    1.2000e-01
877         8760.0     1.3503e+00    1.2000e-01
878         8770.0     1.3500e+00    1.2000e-01
879         8780.0     1.3506e+00    1.2000e-01
880         8790.0     1.3510e+00    1.2000e-01
881         8800.0     1.3517e+00    1.2000e-01
882         8810.0     1.3511e+00    1.2000e-01
883         8820.0     1.3515e+00    1.2000e-01
884         8830.0     1.3514e+00    1.2000e-01
885         8840.0     1.3521e+00    1.2000e-01
886         8850.0     1.3511e+00    1.2000e-01
887         8860.0     1.3515e+00    1.2000e-01
888         8870.0     1.3512e+00    1.2000e-01
889         8880.0     1.3511e+00    1.2000e-01
890         8890.0     1.3506e+00    1.2000e-01
891         8900.0     1.3517e+00    1.2000e-01
892         8910.0     1.3506e+00    1.2000e-01
893         8920.0     1.3508e+00    1.2000e-01
894         8930.0     1.3510e+00    1.2000e-01
895         8940.0     1.3506e+00    1.2000e-01
896         8950.0     1.3506e+00    1.2000e-01
897         8960.0     1.3505e+00    1.2000e-01
898         8970.0     1.3502e+00    1.2000e-01
899         8980.0     1.3505e+00    1.2000e-01
900         8990.0     1.3512e+00    1.2000e-01
901         9000.0     1.3504e+00    1.2000e-01
902         9010.0     1.3515e+00    1.2000e-01
903         9020.0     1.3513e+00    1.2000e-01
904         9030.0     1.3509e+00    1.2000e-01
905         9040.0     1.3519e+00    1.2000e-01
906         9050.0     1.3514e+00    1.2000e-01
907         9060.0     1.3516e+00    1.2000e-01
908         9070.0     1.3512e+00    1.2000e-01
909         9080.0     1.3519e+00    1.2000e-01
910         9090.0     1.3513e+00    1.2000e-01
911         9100.0     1.3508e+00    1.2000e-01
912         9110.0     1.3501e+00    1.2000e-01
913         9120.0     1.3503e+00    1.2000e-01
914         9130.0     1.3503e+00    1.2000e-01
915         9140.0     1.3499e+00    1.2000e-01
916         9150.0     1.3499e+00    1.2000e-01
917         9160.0     1.3501e+00    1.2000e-01
918         9170.0     1.3506e+00    1.2000e-01
919         9180.0     1.3501e+00    1.2000e-01
920         9190.0     1.3508e+00    1.2000e-01
921         9200.0     1.3496e+00    1.2000e-01
922         9210.0     1.3495e+00    1.2000e-01
923         9220.0     1.3501e+00    1.2000e-01
924         9230.0     1.3497e+00    1.2000e-01
925         9240.0     1.3516e+00    1.2000e-01
926         9250.0     1.3497e+00    1.2000e-01
927         9260.0     1.3505e+00    1.2000e-01
928         9270.0     1.3515e+00    1.2000e-01
929         9280.0     1.3518e+00    1.2000e-01
930         9290.0     1.3513e+00    1.2000e-01
931         9300.0     1.3511e+00    1.2000e-01
932         9310.0     1.3524e+00    1.2000e-01
933         9320.0     1.3519e+00    1.2000e-01
934         9330.0     1.3524e+00    1.2000e-01
935         9340.0     1.3523e+00    1.2000e-01
936         9350.0     1.3518e+00    1.2000e-01
937         9360.0     1.3514e+00    1.2000e-01
938         9370.0     1.3515e+00    1.2000e-01
939         9380.0     1.3515e+00    1.2000e-01
940         9390.0     1.3505e+00    1.2000e-01
941         9400.0     1.3509e+00    1.2000e-01
942         9410.0     1.3511e+00    1.2000e-01
943         9420.0     1.3517e+00    1.2000e-01
944         9430.0     1.3511e+00    1.2000e-01
945         9440.0     1.3504e+00    1.2000e-01
946         9450.0     1.3514e+00    1.2000e-01
947         9460.0     1.3512e+00    1.2000e-01
948         9470.0     1.3519e+00    1.2000e-01
949         9480.0     1.3515e+00    1.2000e-01
950         9490.0     1.3503e+00    1.2000e-01
951         9500.0     1.3510e+00    1.2000e-01
952         9510.0     1.3511e+00    1.2000e-01
953         9520.0     1.3514e+00    1.2000e-01
954         9530.0     1.3506e+00    1.2000e-01
955         9540.0     1.3504e+00    1.2000e-01
956         9550.0     1.3494e+00    1.2000e-01
957         9560.0     1.3506e+00    1.2000e-01
958         9570.0     1.3500e+00    1.2000e-01
959         9580.0     1.3503e+00    1.2000e-01
960         9590.0     1.3503e+00    1.2000e-01
961         9600.0     1.3499e+00    1.2000e-01
962         9610.0     1.3499e+00    1.2000e-01
963         9620.0     1.3511e+00    1.2000e-01
964         9630.0     1.3507e+00    1.2000e-01
965         9640.0     1.3504e+00    1.2000e-01
966         9650.0     1.3497e+00    1.2000e-01
967         9660.0     1.3499e+00    1.2000e-01
968         9670.0     1.3503e+00    1.2000e-01
969         9680.0     1.3500e+00    1.2000e-01
970         9690.0     1.3490e+00    1.2000e-01
971         9700.0     1.3489e+00    1.2000e-01
972         9710.0     1.3485e+00    1.2000e-01
973         9720.0     1.3485e+00    1.2000e-01
974         9730.0     1.3489e+00    1.2000e-01
975         9740.0     1.3488e+00    1.2000e-01
976         9750.0     1.3485e+00    1.2000e-01
977         9760.0     1.3493e+00    1.2000e-01
978         9770.0     1.3490e+00    1.2000e-01
979         9780.0     1.3490e+00    1.2000e-01
980         9790.0     1.3488e+00    1.2000e-01
981         9800.0     1.3485e+00    1.2000e-01
982         9810.0     1.3488e+00    1.2000e-01
983         9820.0     1.3487e+00    1.2000e-01
984         9830.0     1.3478e+00    1.2000e-01
985         9840.0     1.3481e+00    1.2000e-01
986         9850.0     1.3478e+00    1.2000e-01
987         9860.0     1.3469e+00    1.2000e-01
988         9870.0     1.3469e+00    1.2000e-01
989         9880.0     1.3474e+00    1.2000e-01
990         9890.0     1.3466e+00    1.2000e-01
991         9900.0     1.3463e+00    1.2000e-01
992         9910.0     1.3453e+00    1.2000e-01
993         9920.0     1.3444e+00    1.2000e-01
994         9930.0     1.3446e+00    1.2000e-01
995         9940.0     1.3446e+00    1.2000e-01
996         9950.0     1.3453e+00    1.2000e-01
997         9960.0     1.3446e+00    1.2000e-01
998         9970.0     1.3459e+00    1.2000e-01
999         9980.0     1.3449e+00    1.2000e-01
1000        9990.0     1.3473e+00    1.2000e-01
1001       10000.0     1.3475e+00    1.2000e-01
1002       10010.0     1.3464e+00    1.2000e-01
1003       10020.0     1.3460e+00    1.2000e-01
1004       10030.0     1.3466e+00    1.2000e-01
1005       10040.0     1.3461e+00    1.2000e-01
1006       10050.0     1.3473e+00    1.2000e-01
1007       10060.0     1.3480e+00    1.2000e-01
1008       10070.0     1.3476e+00    1.2000e-01
1009       10080.0     1.3479e+00    1.2000e-01
1010       10090.0     1.3471e+00    1.2000e-01
1011       10100.0     1.3490e+00    1.2000e-01
1012       10110.0     1.3477e+00    1.2000e-01
1013       10120.0     1.3472e+00    1.2000e-01
1014       10130.0     1.3465e+00    1.2000e-01
1015       10140.0     1.3474e+00    1.2000e-01
1016       10150.0     1.3472e+00    1.2000e-01
1017       10160.0     1.3476e+00    1.2000e-01
1018       10170.0     1.3466e+00    1.2000e-01
1019       10180.0     1.3473e+00    1.2000e-01
1020       10190.0     1.3470e+00    1.2000e-01
1021       10200.0     1.3484e+00    1.2000e-01
1022       10210.0     1.3477e+00    1.2000e-01
1023       10220.0     1.3474e+00    1.2000e-01
1024       10230.0     1.3476e+00    1.2000e-01
1025       10240.0     1.3485e+00    1.2000e-01
1026       10250.0     1.3477e+00    1.2000e-01
1027       10260.0     1.3488e+00    1.2000e-01
1028       10270.0     1.3481e+00    1.2000e-01
1029       10280.0     1.3488e+00    1.2000e-01
1030       10290.0     1.3477e+00    1.2000e-01
1031       10300.0     1.3477e+00    1.2000e-01
1032       10310.0     1.3480e+00    1.2000e-01
1033       10320.0     1.3472e+00    1.2000e-01
1034       10330.0     1.3490e+00    1.2000e-01
1035       10340.0     1.3472e+00    1.2000e-01
1036       10350.0     1.3455e+00    1.2000e-01
1037       10360.0     1.3425e+00    1.2000e-01
1038       10370.0     1.3432e+00    1.2000e-01
1039       10380.0     1.3450e+00    1.2000e-01
1040       10390.0     1.3446e+00    1.2000e-01
1041       10400.0     1.3452e+00    1.2000e-01
1042       10410.0     1.3458e+00    1.2000e-01
1043       10420.0     1.3451e+00    1.2000e-01
1044       10430.0     1.3454e+00    1.2000e-01
1045       10440.0     1.3464e+00    1.2000e-01
1046       10450.0     1.3457e+00    1.2000e-01
1047       10460.0     1.3463e+00    1.2000e-01
1048       10470.0     1.3456e+00    1.2000e-01
1049       10480.0     1.3454e+00    1.2000e-01
1050       10490.0     1.3452e+00    1.2000e-01
1051       10500.0     1.3462e+00    1.2000e-01
1052       10510.0     1.3454e+00    1.2000e-01
1053       10520.0     1.3463e+00    1.2000e-01
1054       10530.0     1.3486e+00    1.2000e-01
1055       10540.0     1.3473e+00    1.2000e-01
1056       10550.0     1.3453e+00    1.2000e-01
1057       10560.0     1.3433e+00    1.2000e-01
1058       10570.0     1.3416e+00    1.2000e-01
1059       10580.0     1.3426e+00    1.2000e-01
1060       10590.0     1.3421e+00    1.2000e-01
1061       10600.0     1.3406e+00    1.2000e-01
1062       10610.0     1.3406e+00    1.2000e-01
1063       10620.0     1.3403e+00    1.2000e-01
1064       10630.0     1.3418e+00    1.2000e-01
1065       10640.0     1.3432e+00    1.2000e-01
1066       10650.0     1.3430e+00    1.2000e-01
1067       10660.0     1.3429e+00    1.2000e-01
1068       10670.0     1.3441e+00    1.2000e-01
1069       10680.0     1.3377e+00    1.2000e-01
1070       10690.0     1.3394e+00    1.2000e-01
1071       10700.0     1.3407e+00    1.2000e-01
1072       10710.0     1.3404e+00    1.2000e-01
1073       10720.0     1.3399e+00    1.2000e-01
1074       10730.0     1.3420e+00    1.2000e-01
1075       10740.0     1.3412e+00    1.2000e-01
1076       10750.0     1.3392e+00    1.2000e-01
1077       10760.0     1.3407e+00    1.2000e-01
1078       10770.0     1.3395e+00    1.2000e-01
1079       10780.0     1.3413e+00    1.2000e-01
1080       10790.0     1.3409e+00    1.2000e-01
1081       10800.0     1.3416e+00    1.2000e-01
1082       10810.0     1.3409e+00    1.2000e-01
1083       10820.0     1.3411e+00    1.2000e-01
1084       10830.0     1.3419e+00    1.2000e-01
1085       10840.0     1.3413e+00    1.2000e-01
1086       10850.0     1.3408e+00    1.2000e-01
1087       10860.0     1.3416e+00    1.2000e-01
1088       10870.0     1.3289e+00    1.2000e-01
1089       10880.0     1.3342e+00    1.2000e-01
1090       10890.0     1.3387e+00    1.2000e-01
1091       10900.0     1.3375e+00    1.2000e-01
1092       10910.0     1.3410e+00    1.2000e-01
1093       10920.0     1.3426e+00    1.2000e-01
1094       10930.0     1.3423e+00    1.2000e-01
1095       10940.0     1.3410e+00    1.2000e-01
1096       10950.0     1.3406e+00    1.2000e-01
1097       10960.0     1.3397e+00    1.2000e-01
1098       10970.0     1.3391e+00    1.2000e-01
1099       10980.0     1.3386e+00    1.2000e-01
1100       10990.0     1.3378e+00    1.2000e-01
1101       11000.0     1.3391e+00    1.2000e-01
1102       11010.0     1.3386e+00    1.2000e-01
1103       11020.0     1.3396e+00    1.2000e-01
1104       11030.0     1.3391e+00    1.2000e-01
1105       11040.0     1.3388e+00    1.2000e-01
1106       11050.0     1.3398e+00    1.2000e-01
1107       11060.0     1.3404e+00    1.2000e-01
1108       11070.0     1.3362e+00    1.2000e-01
1109       11080.0     1.3402e+00    1.2000e-01
1110       11090.0     1.3397e+00    1.2000e-01
1111       11100.0     1.3400e+00    1.2000e-01
1112       11110.0     1.3392e+00    1.2000e-01
1113       11120.0     1.3413e+00    1.2000e-01
1114       11130.0     1.3419e+00    1.2000e-01
1115       11140.0     1.3422e+00    1.2000e-01
1116       11150.0     1.3439e+00    1.2000e-01
1117       11160.0     1.3436e+00    1.2000e-01
1118       11170.0     1.3312e+00    1.2000e-01
1119       11180.0     1.3395e+00    1.2000e-01
1120       11190.0     1.3418e+00    1.2000e-01
1121       11200.0     1.3414e+00    1.2000e-01
1122       11210.0     1.3418e+00    1.2000e-01
1123       11220.0     1.3426e+00    1.2000e-01
1124       11230.0     1.3442e+00    1.2000e-01
1125       11240.0     1.3442e+00    1.2000e-01
1126       11250.0     1.3453e+00    1.2000e-01
1127       11260.0     1.3445e+00    1.2000e-01
1128       11270.0     1.3459e+00    1.2000e-01
1129       11280.0     1.3442e+00    1.2000e-01
1130       11290.0     1.3443e+00    1.2000e-01
1131       11300.0     1.3461e+00    1.2000e-01
1132       11310.0     1.3458e+00    1.2000e-01
1133       11320.0     1.3442e+00    1.2000e-01
1134       11330.0     1.3450e+00    1.2000e-01
1135       11340.0     1.3444e+00    1.2000e-01
1136       11350.0     1.3444e+00    1.2000e-01
1137       11360.0     1.3440e+00    1.2000e-01
1138       11370.0     1.3450e+00    1.2000e-01
1139       11380.0     1.3448e+00    1.2000e-01
1140       11390.0     1.3454e+00    1.2000e-01
1141       11400.0     1.3439e+00    1.2000e-01
1142       11410.0     1.3442e+00    1.2000e-01
1143       11420.0     1.3441e+00    1.2000e-01
1144       11430.0     1.3442e+00    1.2000e-01
1145       11440.0     1.3446e+00    1.2000e-01
1146       11450.0     1.3434e+00    1.2000e-01
1147       11460.0     1.3433e+00    1.2000e-01
1148       11470.0     1.3434e+00    1.2000e-01
1149       11480.0     1.3435e+00    1.2000e-01
1150       11490.0     1.3439e+00    1.2000e-01
1151       11500.0     1.3430e+00    1.2000e-01
1152       11510.0     1.3433e+00    1.2000e-01
1153       11520.0     1.3437e+00    1.2000e-01
1154       11530.0     1.3444e+00    1.2000e-01
1155       11540.0     1.3459e+00    1.2000e-01
1156       11550.0     1.3452e+00    1.2000e-01
1157       11560.0     1.3455e+00    1.2000e-01
1158       11570.0     1.3470e+00    1.2000e-01
1159       11580.0     1.3446e+00    1.2000e-01
1160       11590.0     1.3459e+00    1.2000e-01
1161       11600.0     1.3461e+00    1.2000e-01
1162       11610.0     1.3452e+00    1.2000e-01
1163       11620.0     1.3459e+00    1.2000e-01
1164       11630.0     1.3466e+00    1.2000e-01
1165       11640.0     1.3458e+00    1.2000e-01
1166       11650.0     1.3455e+00    1.2000e-01
1167       11660.0     1.3466e+00    1.2000e-01
1168       11670.0     1.3453e+00    1.2000e-01
1169       11680.0     1.3449e+00    1.2000e-01
1170       11690.0     1.3460e+00    1.2000e-01
1171       11700.0     1.3465e+00    1.2000e-01
1172       11710.0     1.3465e+00    1.2000e-01
1173       11720.0     1.3470e+00    1.2000e-01
1174       11730.0     1.3452e+00    1.2000e-01
1175       11740.0     1.3469e+00    1.2000e-01
1176       11750.0     1.3468e+00    1.2000e-01
1177       11760.0     1.3476e+00    1.2000e-01
1178       11770.0     1.3463e+00    1.2000e-01
1179       11780.0     1.3392e+00    1.2000e-01
1180       11790.0     1.3437e+00    1.2000e-01
1181       11800.0     1.3441e+00    1.2000e-01
1182       11810.0     1.3441e+00    1.2000e-01
1183       11820.0     1.3448e+00    1.2000e-01
1184       11830.0     1.3453e+00    1.2000e-01
1185       11840.0     1.3415e+00    1.2000e-01
1186       11850.0     1.3439e+00    1.2000e-01
1187       11860.0     1.3451e+00    1.2000e-01
1188       11870.0     1.3454e+00    1.2000e-01
1189       11880.0     1.3444e+00    1.2000e-01
1190       11890.0     1.3454e+00    1.2000e-01
1191       11900.0     1.3442e+00    1.2000e-01
1192       11910.0     1.3442e+00    1.2000e-01
1193       11920.0     1.3417e+00    1.2000e-01
1194       11930.0     1.3400e+00    1.2000e-01
1195       11940.0     1.3401e+00    1.2000e-01
1196       11950.0     1.3402e+00    1.2000e-01
1197       11960.0     1.3394e+00    1.2000e-01
1198       11970.0     1.3393e+00    1.2000e-01
1199       11980.0     1.3391e+00    1.2000e-01
1200       11990.0     1.3384e+00    1.2000e-01
1201       12000.0     1.3392e+00    1.2000e-01
1202       12010.0     1.3391e+00    1.2000e-01
1203       12020.0     1.3399e+00    1.2000e-01
1204       12030.0     1.3393e+00    1.2000e-01
1205       12040.0     1.3397e+00    1.2000e-01
1206       12050.0     1.3377e+00    1.2000e-01
1207       12060.0     1.3384e+00    1.2000e-01
1208       12070.0     1.3405e+00    1.2000e-01
1209       12080.0     1.3393e+00    1.2000e-01
1210       12090.0     1.3397e+00    1.2000e-01
1211       12100.0     1.3397e+00    1.2000e-01
1212       12110.0     1.3400e+00    1.2000e-01
1213       12120.0     1.3423e+00    1.2000e-01
1214       12130.0     1.3412e+00    1.2000e-01
1215       12140.0     1.3410e+00    1.2000e-01
1216       12150.0     1.3410e+00    1.2000e-01
1217       12160.0     1.3409e+00    1.2000e-01
1218       12170.0     1.3403e+00    1.2000e-01
1219       12180.0     1.3290e+00    1.2000e-01
1220       12190.0     1.3390e+00    1.2000e-01
1221       12200.0     1.3384e+00    1.2000e-01
1222       12210.0     1.3377e+00    1.2000e-01
1223       12220.0     1.3389e+00    1.2000e-01
1224       12230.0     1.3399e+00    1.2000e-01
1225       12240.0     1.3408e+00    1.2000e-01
1226       12250.0     1.3401e+00    1.2000e-01
1227       12260.0     1.3414e+00    1.2000e-01
1228       12270.0     1.3396e+00    1.2000e-01
1229       12280.0     1.3389e+00    1.2000e-01
1230       12290.0     1.3393e+00    1.2000e-01
1231       12300.0     1.3399e+00    1.2000e-01
1232       12310.0     1.3387e+00    1.2000e-01
1233       12320.0     1.3398e+00    1.2000e-01
1234       12330.0     1.3371e+00    1.2000e-01
1235       12340.0     1.3388e+00    1.2000e-01
1236       12350.0     1.3387e+00    1.2000e-01
1237       12360.0     1.3390e+00    1.2000e-01
1238       12370.0     1.3393e+00    1.2000e-01
1239       12380.0     1.3384e+00    1.2000e-01
1240       12390.0     1.3386e+00    1.2000e-01
1241       12400.0     1.3381e+00    1.2000e-01
1242       12410.0     1.3271e+00    1.2000e-01
1243       12420.0     1.3338e+00    1.2000e-01
1244       12430.0     1.3332e+00    1.2000e-01
1245       12440.0     1.3302e+00    1.2000e-01
1246       12450.0     1.3329e+00    1.2000e-01
1247       12460.0     1.3335e+00    1.2000e-01
1248       12470.0     1.3333e+00    1.2000e-01
1249       12480.0     1.3345e+00    1.2000e-01
1250       12490.0     1.3284e+00    1.2000e-01
1251       12500.0     1.3321e+00    1.2000e-01
1252       12510.0     1.3301e+00    1.2000e-01
1253       12520.0     1.3316e+00    1.2000e-01
1254       12530.0     1.3346e+00    1.2000e-01
1255       12540.0     1.3297e+00    1.2000e-01
1256       12550.0     1.3281e+00    1.2000e-01
1257       12560.0     1.3336e+00    1.2000e-01
1258       12570.0     1.3385e+00    1.2000e-01
1259       12580.0     1.3358e+00    1.2000e-01
1260       12590.0     1.3390e+00    1.2000e-01
1261       12600.0     1.3379e+00    1.2000e-01
1262       12610.0     1.3401e+00    1.2000e-01
1263       12620.0     1.3395e+00    1.2000e-01
1264       12630.0     1.3355e+00    1.2000e-01
1265       12640.0     1.3342e+00    1.2000e-01
1266       12650.0     1.3347e+00    1.2000e-01
1267       12660.0     1.3372e+00    1.2000e-01
1268       12670.0     1.3382e+00    1.2000e-01
1269       12680.0     1.3363e+00    1.2000e-01
1270       12690.0     1.3362e+00    1.2000e-01
1271       12700.0     1.3368e+00    1.2000e-01
1272       12710.0     1.3249e+00    1.2000e-01
1273       12720.0     1.3300e+00    1.2000e-01
1274       12730.0     1.3377e+00    1.2000e-01
1275       12740.0     1.3364e+00    1.2000e-01
1276       12750.0     1.3291e+00    1.2000e-01
1277       12760.0     1.3316e+00    1.2000e-01
1278       12770.0     1.3230e+00    1.2000e-01
1279       12780.0     1.3270e+00    1.2000e-01
1280       12790.0     1.3311e+00    1.2000e-01
1281       12800.0     1.3307e+00    1.2000e-01
1282       12810.0     1.3331e+00    1.2000e-01
1283       12820.0     1.3376e+00    1.2000e-01
1284       12830.0     1.3281e+00    1.2000e-01
1285       12840.0     1.3304e+00    1.2000e-01
1286       12850.0     1.3394e+00    1.2000e-01
1287       12860.0     1.3339e+00    1.2000e-01
1288       12870.0     1.3263e+00    1.2000e-01
1289       12880.0     1.3161e+00    1.2000e-01
1290       12890.0     1.3289e+00    1.2000e-01
1291       12900.0     1.3292e+00    1.2000e-01
1292       12910.0     1.3339e+00    1.2000e-01
1293       12920.0     1.3286e+00    1.2000e-01
1294       12930.0     1.3265e+00    1.2000e-01
1295       12940.0     1.3320e+00    1.2000e-01
1296       12950.0     1.3237e+00    1.2000e-01
1297       12960.0     1.3359e+00    1.2000e-01
1298       12970.0     1.3348e+00    1.2000e-01
1299       12980.0     1.3342e+00    1.2000e-01
1300       12990.0     1.3342e+00    1.2000e-01
1301       13000.0     1.3345e+00    1.2000e-01
1302       13010.0     1.3354e+00    1.2000e-01
1303       13020.0     1.3324e+00    1.2000e-01
1304       13030.0     1.3338e+00    1.2000e-01
1305       13040.0     1.3350e+00    1.2000e-01
1306       13050.0     1.3350e+00    1.2000e-01
1307       13060.0     1.3308e+00    1.2000e-01
1308       13070.0     1.3153e+00    1.2000e-01
1309       13080.0     1.3281e+00    1.2000e-01
1310       13090.0     1.3314e+00    1.2000e-01
1311       13100.0     1.3213e+00    1.2000e-01
1312       13110.0     1.3281e+00    1.2000e-01
1313       13120.0     1.3035e+00    1.2000e-01
1314       13130.0     1.3216e+00    1.2000e-01
1315       13140.0     1.3278e+00    1.2000e-01
1316       13150.0     1.3256e+00    1.2000e-01
1317       13160.0     1.3295e+00    1.2000e-01
1318       13170.0     1.3204e+00    1.2000e-01
1319       13180.0     1.3289e+00    1.2000e-01
1320       13190.0     1.3331e+00    1.2000e-01
1321       13200.0     1.3340e+00    1.2000e-01
1322       13210.0     1.3341e+00    1.2000e-01
1323       13220.0     1.3276e+00    1.2000e-01
1324       13230.0     1.3346e+00    1.2000e-01
1325       13240.0     1.3349e+00    1.2000e-01
1326       13250.0     1.3249e+00    1.2000e-01
1327       13260.0     1.3285e+00    1.2000e-01
1328       13270.0     1.3301e+00    1.2000e-01
1329       13280.0     1.3333e+00    1.2000e-01
1330       13290.0     1.3278e+00    1.2000e-01
1331       13300.0     1.3274e+00    1.2000e-01
1332       13310.0     1.3248e+00    1.2000e-01
1333       13320.0     1.3252e+00    1.2000e-01
1334       13330.0     1.3298e+00    1.2000e-01
1335       13340.0     1.3156e+00    1.2000e-01
1336       13350.0     1.3319e+00    1.2000e-01
1337       13360.0     1.3338e+00    1.2000e-01
1338       13370.0     1.3334e+00    1.2000e-01
1339       13380.0     1.3294e+00    1.2000e-01
1340       13390.0     1.3287e+00    1.2000e-01
1341       13400.0     1.3339e+00    1.2000e-01
1342       13410.0     1.3340e+00    1.2000e-01
1343       13420.0     1.3356e+00    1.2000e-01
1344       13430.0     1.3372e+00    1.2000e-01
1345       13440.0     1.3383e+00    1.2000e-01
1346       13450.0     1.3330e+00    1.2000e-01
1347       13460.0     1.3344e+00    1.2000e-01
1348       13470.0     1.3360e+00    1.2000e-01
1349       13480.0     1.3372e+00    1.2000e-01
1350       13490.0     1.3314e+00    1.2000e-01
1351       13500.0     1.3330e+00    1.2000e-01
1352       13510.0     1.3336e+00    1.2000e-01
1353       13520.0     1.3358e+00    1.2000e-01
1354       13530.0     1.3322e+00    1.2000e-01
1355       13540.0     1.3319e+00    1.2000e-01
1356       13550.0     1.3203e+00    1.2000e-01
1357       13560.0     1.3267e+00    1.2000e-01
1358       13570.0     1.3317e+00    1.2000e-01
1359       13580.0     1.3309e+00    1.2000e-01
1360       13590.0     1.3288e+00    1.2000e-01
1361       13600.0     1.3102e+00    1.2000e-01

