File............:  it-co-soec-2-300ma - MAY,11.2015

System..........:  
Control.........:  
Temperature.....:  -0.2+-0.3C
Time............:  MAY,11.2015
Comment.........:  16:13:19 - 17:11:10
                   
                   
                   
                   
Electr.area/sqcm:  
                    
polarization data

Lines:   347
Columns: 3

Number     Time/s     Potential/V    Current/A 
1              0.0     1.5790e+00    3.0000e-01
2             10.0     1.5779e+00    3.0000e-01
3             20.0     1.5646e+00    3.0000e-01
4             30.0     1.5691e+00    3.0000e-01
5             40.0     1.5763e+00    3.0000e-01
6             50.0     1.5681e+00    3.0000e-01
7             60.0     1.5674e+00    3.0000e-01
8             70.0     1.5736e+00    3.0000e-01
9             80.0     1.5692e+00    3.0000e-01
10            90.0     1.5593e+00    3.0000e-01
11           100.0     1.5724e+00    3.0000e-01
12           110.0     1.5716e+00    3.0000e-01
13           120.0     1.5753e+00    3.0000e-01
14           130.0     1.5744e+00    3.0000e-01
15           140.0     1.5786e+00    3.0000e-01
16           150.0     1.5692e+00    3.0000e-01
17           160.0     1.5762e+00    3.0000e-01
18           170.0     1.5615e+00    3.0000e-01
19           180.0     1.5746e+00    3.0000e-01
20           190.0     1.5800e+00    3.0000e-01
21           200.0     1.5646e+00    3.0000e-01
22           210.0     1.5749e+00    3.0000e-01
23           220.0     1.5677e+00    3.0000e-01
24           230.0     1.5725e+00    3.0000e-01
25           240.0     1.5665e+00    3.0000e-01
26           250.0     1.5721e+00    3.0000e-01
27           260.0     1.5782e+00    3.0000e-01
28           270.0     1.5844e+00    3.0000e-01
29           280.0     1.5827e+00    3.0000e-01
30           290.0     1.5778e+00    3.0000e-01
31           300.0     1.5712e+00    3.0000e-01
32           310.0     1.5696e+00    3.0000e-01
33           320.0     1.5453e+00    3.0000e-01
34           330.0     1.5725e+00    3.0000e-01
35           340.0     1.5386e+00    3.0000e-01
36           350.0     1.5709e+00    3.0000e-01
37           360.0     1.5682e+00    3.0000e-01
38           370.0     1.5591e+00    3.0000e-01
39           380.0     1.5599e+00    3.0000e-01
40           390.0     1.5738e+00    3.0000e-01
41           400.0     1.5245e+00    3.0000e-01
42           410.0     1.5762e+00    3.0000e-01
43           420.0     1.5753e+00    3.0000e-01
44           430.0     1.5772e+00    3.0000e-01
45           440.0     1.5612e+00    3.0000e-01
46           450.0     1.5573e+00    3.0000e-01
47           460.0     1.5609e+00    3.0000e-01
48           470.0     1.5784e+00    3.0000e-01
49           480.0     1.5665e+00    3.0000e-01
50           490.0     1.5762e+00    3.0000e-01
51           500.0     1.5752e+00    3.0000e-01
52           510.0     1.5783e+00    3.0000e-01
53           520.0     1.5797e+00    3.0000e-01
54           530.0     1.5764e+00    3.0000e-01
55           540.0     1.5605e+00    3.0000e-01
56           550.0     1.5767e+00    3.0000e-01
57           560.0     1.5754e+00    3.0000e-01
58           570.0     1.5754e+00    3.0000e-01
59           580.0     1.5816e+00    3.0000e-01
60           590.0     1.5655e+00    3.0000e-01
61           600.0     1.5756e+00    3.0000e-01
62           610.0     1.5773e+00    3.0000e-01
63           620.0     1.5825e+00    3.0000e-01
64           630.0     1.5829e+00    3.0000e-01
65           640.0     1.5797e+00    3.0000e-01
66           650.0     1.5633e+00    3.0000e-01
67           660.0     1.5760e+00    3.0000e-01
68           670.0     1.5766e+00    3.0000e-01
69           680.0     1.5632e+00    3.0000e-01
70           690.0     1.5600e+00    3.0000e-01
71           700.0     1.5672e+00    3.0000e-01
72           710.0     1.5721e+00    3.0000e-01
73           720.0     1.5391e+00    3.0000e-01
74           730.0     1.5542e+00    3.0000e-01
75           740.0     1.5727e+00    3.0000e-01
76           750.0     1.5461e+00    3.0000e-01
77           760.0     1.5614e+00    3.0000e-01
78           770.0     1.5706e+00    3.0000e-01
79           780.0     1.5765e+00    3.0000e-01
80           790.0     1.5703e+00    3.0000e-01
81           800.0     1.5741e+00    3.0000e-01
82           810.0     1.5597e+00    3.0000e-01
83           820.0     1.5717e+00    3.0000e-01
84           830.0     1.5570e+00    3.0000e-01
85           840.0     1.5617e+00    3.0000e-01
86           850.0     1.5767e+00    3.0000e-01
87           860.0     1.5750e+00    3.0000e-01
88           870.0     1.5769e+00    3.0000e-01
89           880.0     1.5775e+00    3.0000e-01
90           890.0     1.5690e+00    3.0000e-01
91           900.0     1.5812e+00    3.0000e-01
92           910.0     1.5699e+00    3.0000e-01
93           920.0     1.5680e+00    3.0000e-01
94           930.0     1.5847e+00    3.0000e-01
95           940.0     1.5754e+00    3.0000e-01
96           950.0     1.5750e+00    3.0000e-01
97           960.0     1.5775e+00    3.0000e-01
98           970.0     1.5863e+00    3.0000e-01
99           980.0     1.5675e+00    3.0000e-01
100          990.0     1.5743e+00    3.0000e-01
101         1000.0     1.5765e+00    3.0000e-01
102         1010.0     1.5812e+00    3.0000e-01
103         1020.0     1.5712e+00    3.0000e-01
104         1030.0     1.5758e+00    3.0000e-01
105         1040.0     1.5799e+00    3.0000e-01
106         1050.0     1.5843e+00    3.0000e-01
107         1060.0     1.5832e+00    3.0000e-01
108         1070.0     1.5905e+00    3.0000e-01
109         1080.0     1.5875e+00    3.0000e-01
110         1090.0     1.5889e+00    3.0000e-01
111         1100.0     1.5885e+00    3.0000e-01
112         1110.0     1.5710e+00    3.0000e-01
113         1120.0     1.5557e+00    3.0000e-01
114         1130.0     1.5722e+00    3.0000e-01
115         1140.0     1.5602e+00    3.0000e-01
116         1150.0     1.5541e+00    3.0000e-01
117         1160.0     1.5665e+00    3.0000e-01
118         1170.0     1.5628e+00    3.0000e-01
119         1180.0     1.5494e+00    3.0000e-01
120         1190.0     1.5607e+00    3.0000e-01
121         1200.0     1.5761e+00    3.0000e-01
122         1210.0     1.5546e+00    3.0000e-01
123         1220.0     1.5756e+00    3.0000e-01
124         1230.0     1.5766e+00    3.0000e-01
125         1240.0     1.5627e+00    3.0000e-01
126         1250.0     1.5548e+00    3.0000e-01
127         1260.0     1.5697e+00    3.0000e-01
128         1270.0     1.5733e+00    3.0000e-01
129         1280.0     1.5764e+00    3.0000e-01
130         1290.0     1.5688e+00    3.0000e-01
131         1300.0     1.5104e+00    3.0000e-01
132         1310.0     1.5769e+00    3.0000e-01
133         1320.0     1.5696e+00    3.0000e-01
134         1330.0     1.5726e+00    3.0000e-01
135         1340.0     1.5775e+00    3.0000e-01
136         1350.0     1.5761e+00    3.0000e-01
137         1360.0     1.5740e+00    3.0000e-01
138         1370.0     1.5773e+00    3.0000e-01
139         1380.0     1.5704e+00    3.0000e-01
140         1390.0     1.5700e+00    3.0000e-01
141         1400.0     1.5755e+00    3.0000e-01
142         1410.0     1.5661e+00    3.0000e-01
143         1420.0     1.5572e+00    3.0000e-01
144         1430.0     1.5760e+00    3.0000e-01
145         1440.0     1.5751e+00    3.0000e-01
146         1450.0     1.5789e+00    3.0000e-01
147         1460.0     1.5797e+00    3.0000e-01
148         1470.0     1.5804e+00    3.0000e-01
149         1480.0     1.5803e+00    3.0000e-01
150         1490.0     1.5808e+00    3.0000e-01
151         1500.0     1.5752e+00    3.0000e-01
152         1510.0     1.5710e+00    3.0000e-01
153         1520.0     1.5580e+00    3.0000e-01
154         1530.0     1.5461e+00    3.0000e-01
155         1540.0     1.5650e+00    3.0000e-01
156         1550.0     1.5446e+00    3.0000e-01
157         1560.0     1.5646e+00    3.0000e-01
158         1570.0     1.5694e+00    3.0000e-01
159         1580.0     1.5709e+00    3.0000e-01
160         1590.0     1.5435e+00    3.0000e-01
161         1600.0     1.5721e+00    3.0000e-01
162         1610.0     1.5774e+00    3.0000e-01
163         1620.0     1.5673e+00    3.0000e-01
164         1630.0     1.5698e+00    3.0000e-01
165         1640.0     1.5589e+00    3.0000e-01
166         1650.0     1.5729e+00    3.0000e-01
167         1660.0     1.5781e+00    3.0000e-01
168         1670.0     1.5769e+00    3.0000e-01
169         1680.0     1.5782e+00    3.0000e-01
170         1690.0     1.5744e+00    3.0000e-01
171         1700.0     1.5735e+00    3.0000e-01
172         1710.0     1.5832e+00    3.0000e-01
173         1720.0     1.5881e+00    3.0000e-01
174         1730.0     1.5714e+00    3.0000e-01
175         1740.0     1.5756e+00    3.0000e-01
176         1750.0     1.5784e+00    3.0000e-01
177         1760.0     1.5795e+00    3.0000e-01
178         1770.0     1.5744e+00    3.0000e-01
179         1780.0     1.5746e+00    3.0000e-01
180         1790.0     1.5878e+00    3.0000e-01
181         1800.0     1.5491e+00    3.0000e-01
182         1810.0     1.5736e+00    3.0000e-01
183         1820.0     1.5634e+00    3.0000e-01
184         1830.0     1.5835e+00    3.0000e-01
185         1840.0     1.5761e+00    3.0000e-01
186         1850.0     1.5674e+00    3.0000e-01
187         1860.0     1.5687e+00    3.0000e-01
188         1870.0     1.5521e+00    3.0000e-01
189         1880.0     1.5693e+00    3.0000e-01
190         1890.0     1.5479e+00    3.0000e-01
191         1900.0     1.5310e+00    3.0000e-01
192         1910.0     1.5601e+00    3.0000e-01
193         1920.0     1.5649e+00    3.0000e-01
194         1930.0     1.5582e+00    3.0000e-01
195         1940.0     1.5789e+00    3.0000e-01
196         1950.0     1.5704e+00    3.0000e-01
197         1960.0     1.5482e+00    3.0000e-01
198         1970.0     1.5721e+00    3.0000e-01
199         1980.0     1.5677e+00    3.0000e-01
200         1990.0     1.5712e+00    3.0000e-01
201         2000.0     1.5642e+00    3.0000e-01
202         2010.0     1.5702e+00    3.0000e-01
203         2020.0     1.5714e+00    3.0000e-01
204         2030.0     1.5775e+00    3.0000e-01
205         2040.0     1.5739e+00    3.0000e-01
206         2050.0     1.5782e+00    3.0000e-01
207         2060.0     1.5812e+00    3.0000e-01
208         2070.0     1.5741e+00    3.0000e-01
209         2080.0     1.5761e+00    3.0000e-01
210         2090.0     1.5688e+00    3.0000e-01
211         2100.0     1.5742e+00    3.0000e-01
212         2110.0     1.5652e+00    3.0000e-01
213         2120.0     1.5188e+00    3.0000e-01
214         2130.0     1.5747e+00    3.0000e-01
215         2140.0     1.5772e+00    3.0000e-01
216         2150.0     1.5728e+00    3.0000e-01
217         2160.0     1.5449e+00    3.0000e-01
218         2170.0     1.5756e+00    3.0000e-01
219         2180.0     1.5681e+00    3.0000e-01
220         2190.0     1.5798e+00    3.0000e-01
221         2200.0     1.5797e+00    3.0000e-01
222         2210.0     1.5713e+00    3.0000e-01
223         2220.0     1.5819e+00    3.0000e-01
224         2230.0     1.5717e+00    3.0000e-01
225         2240.0     1.5860e+00    3.0000e-01
226         2250.0     1.5867e+00    3.0000e-01
227         2260.0     1.5883e+00    3.0000e-01
228         2270.0     1.5532e+00    3.0000e-01
229         2280.0     1.5785e+00    3.0000e-01
230         2290.0     1.5811e+00    3.0000e-01
231         2300.0     1.5703e+00    3.0000e-01
232         2310.0     1.5721e+00    3.0000e-01
233         2320.0     1.5612e+00    3.0000e-01
234         2330.0     1.5785e+00    3.0000e-01
235         2340.0     1.5774e+00    3.0000e-01
236         2350.0     1.5681e+00    3.0000e-01
237         2360.0     1.5201e+00    3.0000e-01
238         2370.0     1.5759e+00    3.0000e-01
239         2380.0     1.5714e+00    3.0000e-01
240         2390.0     1.5800e+00    3.0000e-01
241         2400.0     1.5476e+00    3.0000e-01
242         2410.0     1.5535e+00    3.0000e-01
243         2420.0     1.5821e+00    3.0000e-01
244         2430.0     1.5816e+00    3.0000e-01
245         2440.0     1.5831e+00    3.0000e-01
246         2450.0     1.5806e+00    3.0000e-01
247         2460.0     1.5669e+00    3.0000e-01
248         2470.0     1.5791e+00    3.0000e-01
249         2480.0     1.5671e+00    3.0000e-01
250         2490.0     1.5814e+00    3.0000e-01
251         2500.0     1.5846e+00    3.0000e-01
252         2510.0     1.5734e+00    3.0000e-01
253         2520.0     1.5805e+00    3.0000e-01
254         2530.0     1.5747e+00    3.0000e-01
255         2540.0     1.5802e+00    3.0000e-01
256         2550.0     1.5788e+00    3.0000e-01
257         2560.0     1.5794e+00    3.0000e-01
258         2570.0     1.5819e+00    3.0000e-01
259         2580.0     1.5885e+00    3.0000e-01
260         2590.0     1.5931e+00    3.0000e-01
261         2600.0     1.5891e+00    3.0000e-01
262         2610.0     1.5881e+00    3.0000e-01
263         2620.0     1.5742e+00    3.0000e-01
264         2630.0     1.5813e+00    3.0000e-01
265         2640.0     1.5856e+00    3.0000e-01
266         2650.0     1.5868e+00    3.0000e-01
267         2660.0     1.5706e+00    3.0000e-01
268         2670.0     1.5793e+00    3.0000e-01
269         2680.0     1.5740e+00    3.0000e-01
270         2690.0     1.5802e+00    3.0000e-01
271         2700.0     1.5748e+00    3.0000e-01
272         2710.0     1.5811e+00    3.0000e-01
273         2720.0     1.5708e+00    3.0000e-01
274         2730.0     1.5630e+00    3.0000e-01
275         2740.0     1.5788e+00    3.0000e-01
276         2750.0     1.5807e+00    3.0000e-01
277         2760.0     1.5763e+00    3.0000e-01
278         2770.0     1.5721e+00    3.0000e-01
279         2780.0     1.5575e+00    3.0000e-01
280         2790.0     1.5698e+00    3.0000e-01
281         2800.0     1.5767e+00    3.0000e-01
282         2810.0     1.5672e+00    3.0000e-01
283         2820.0     1.5771e+00    3.0000e-01
284         2830.0     1.5676e+00    3.0000e-01
285         2840.0     1.5615e+00    3.0000e-01
286         2850.0     1.5791e+00    3.0000e-01
287         2860.0     1.5583e+00    3.0000e-01
288         2870.0     1.5638e+00    3.0000e-01
289         2880.0     1.5770e+00    3.0000e-01
290         2890.0     1.5504e+00    3.0000e-01
291         2900.0     1.5401e+00    3.0000e-01
292         2910.0     1.5722e+00    3.0000e-01
293         2920.0     1.5849e+00    3.0000e-01
294         2930.0     1.5818e+00    3.0000e-01
295         2940.0     1.5670e+00    3.0000e-01
296         2950.0     1.5804e+00    3.0000e-01
297         2960.0     1.5833e+00    3.0000e-01
298         2970.0     1.5763e+00    3.0000e-01
299         2980.0     1.5820e+00    3.0000e-01
300         2990.0     1.5841e+00    3.0000e-01
301         3000.0     1.5820e+00    3.0000e-01
302         3010.0     1.5754e+00    3.0000e-01
303         3020.0     1.5400e+00    3.0000e-01
304         3030.0     1.5771e+00    3.0000e-01
305         3040.0     1.5663e+00    3.0000e-01
306         3050.0     1.5596e+00    3.0000e-01
307         3060.0     1.5678e+00    3.0000e-01
308         3070.0     1.5798e+00    3.0000e-01
309         3080.0     1.5377e+00    3.0000e-01
310         3090.0     1.5507e+00    3.0000e-01
311         3100.0     1.5620e+00    3.0000e-01
312         3110.0     1.5632e+00    3.0000e-01
313         3120.0     1.5736e+00    3.0000e-01
314         3130.0     1.5824e+00    3.0000e-01
315         3140.0     1.5696e+00    3.0000e-01
316         3150.0     1.5600e+00    3.0000e-01
317         3160.0     1.5523e+00    3.0000e-01
318         3170.0     1.5649e+00    3.0000e-01
319         3180.0     1.5748e+00    3.0000e-01
320         3190.0     1.5668e+00    3.0000e-01
321         3200.0     1.5561e+00    3.0000e-01
322         3210.0     1.5787e+00    3.0000e-01
323         3220.0     1.5627e+00    3.0000e-01
324         3230.0     1.5562e+00    3.0000e-01
325         3240.0     1.5838e+00    3.0000e-01
326         3250.0     1.5855e+00    3.0000e-01
327         3260.0     1.5891e+00    3.0000e-01
328         3270.0     1.5660e+00    3.0000e-01
329         3280.0     1.5834e+00    3.0000e-01
330         3290.0     1.5846e+00    3.0000e-01
331         3300.0     1.5878e+00    3.0000e-01
332         3310.0     1.5418e+00    3.0000e-01
333         3320.0     1.5806e+00    3.0000e-01
334         3330.0     1.5774e+00    3.0000e-01
335         3340.0     1.5843e+00    3.0000e-01
336         3350.0     1.5810e+00    3.0000e-01
337         3360.0     1.5874e+00    3.0000e-01
338         3370.0     1.5891e+00    3.0000e-01
339         3380.0     1.5692e+00    3.0000e-01
340         3390.0     1.5483e+00    3.0000e-01
341         3400.0     1.5756e+00    3.0000e-01
342         3410.0     1.5653e+00    3.0000e-01
343         3420.0     1.5508e+00    3.0000e-01
344         3430.0     1.5644e+00    3.0000e-01
345         3440.0     1.5616e+00    3.0000e-01
346         3450.0     1.5685e+00    3.0000e-01
347         3460.0     1.5730e+00    3.0000e-01

